function c = get_constants()
    c.G = 6.673E-11;
    c.EARTH_MASS = 5.973E24;
    c.REARTH = 6370987.308;
    c.R = 287.053;
    c.WEII3 = 7.292115E-5;
    c.AGRAV = 9.80675445;
    c.PI = 3.1415927;
    c.EPS = 1E-10;
    c.SMALL = 1E-7;
    c.ILARGE = 9999;
    c.BIG = 1E10;
end